%YAML:1.0
---
RMSreprojectionError: 1.4912796719424044e+00
cameraMatrix: !!opencv-matrix
   rows: 3
   cols: 3
   dt: d
   data: [ 4.2282627837529930e+02, 0., 3.7968242032152540e+02, 0.,
       3.7182649277707151e+02, 2.3366899040084670e+02, 0., 0., 1. ]
distCoeffs: !!opencv-matrix
   rows: 1
   cols: 5
   dt: d
   data: [ -3.6343450241470593e-01, 4.1233180125076713e-01,
       -4.4487016317504757e-05, 5.0475420201939623e-03,
       -1.8954898103055093e-01 ]
